988
93 72 41
97 13 69
93 14 84
11 58 49
75 83 87
96 42 90
3 60 12
4 64 85
0 12 23
85 11 10
17 22 73
42 81 58
97 72 75
15 16 78
69 56 87
88 2 2
76 62 73
61 95 48
7 72 12
53 39 49
20 70 77
90 89 84
41 23 39
27 51 21
83 66 34
74 96 90
30 35 68
54 88 89
77 33 18
14 45 64
2 12 37
98 28 80
38 64 89
14 60 80
73 79 61
29 93 59
65 40 42
18 47 11
9 42 46
46 61 67
85 24 57
19 95 13
4 83 15
92 37 81
32 16 4
23 97 83
55 72 9
93 72 41
20 70 77
10 26 26
13 10 16
99 26 95
27 71 55
50 8 44
61 70 56
28 1 46
39 60 58
64 23 9
61 26 32
88 62 55
50 83 33
66 95 11
20 58 44
4 47 65
65 51 78
67 44 40
48 10 68
61 32 3
28 52 81
19 95 13
91 84 50
7 77 32
0 99 48
76 62 73
10 69 35
92 81 92
16 0 70
7 55 45
7 23 32
74 76 86
80 7 24
54 51 72
51 33 46
84 43 85
67 84 63
93 28 1
74 0 79
69 62 97
16 42 94
52 14 53
91 70 85
55 92 96
42 77 62
11 78 81
92 37 81
18 56 75
43 79 39
36 74 48
16 42 94
30 35 68
84 24 90
45 75 99
59 19 96
80 20 82
83 1 6
0 74 39
75 85 48
89 33 56
79 71 28
18 3 65
91 70 85
70 87 82
29 80 84
33 37 79
8 27 31
93 14 84
24 0 5
54 36 6
65 40 42
85 59 93
75 59 77
34 45 38
99 76 30
89 33 56
24 27 91
34 43 10
6 62 53
87 61 7
4 20 77
43 53 68
74 19 87
14 87 44
15 11 97
82 17 1
43 79 39
55 66 45
50 41 35
72 4 81
45 70 33
44 74 74
15 68 87
58 71 6
48 10 68
64 39 30
61 95 48
4 75 11
5 68 36
7 77 32
17 63 50
40 69 37
67 96 37
32 2 76
67 96 37
29 60 22
21 86 25
86 45 86
28 35 7
58 83 85
74 44 29
25 24 20
67 4 37
5 77 75
86 99 81
70 77 52
12 82 95
47 85 27
52 87 77
84 69 54
65 48 75
93 72 41
7 77 32
16 0 70
98 55 73
7 23 32
11 58 49
38 64 89
39 37 83
4 83 15
55 66 45
43 81 77
81 1 67
8 74 56
42 99 42
31 41 88
2 12 52
31 55 73
13 74 16
61 47 93
46 61 67
92 81 92
31 61 70
65 83 83
75 35 42
69 95 19
27 41 27
15 89 2
71 51 10
75 32 48
93 9 67
81 71 56
5 87 40
4 75 60
37 98 18
29 60 77
5 59 1
14 87 44
7 77 32
53 7 4
45 75 99
22 11 73
98 19 85
92 72 18
49 1 95
34 63 79
61 26 32
65 11 66
50 89 42
61 47 93
11 20 54
28 5 63
64 17 93
36 12 71
20 64 54
60 90 76
77 33 18
85 11 10
22 11 73
51 55 93
34 22 1
80 90 28
8 29 61
27 54 16
82 17 1
58 80 18
12 84 40
59 71 81
28 32 98
92 81 92
86 74 2
31 62 65
90 86 69
42 22 52
14 38 27
61 94 66
80 2 67
74 76 86
18 20 16
76 19 71
38 35 68
74 1 73
87 79 40
10 29 68
47 13 34
91 84 50
67 64 96
30 35 68
40 43 9
94 30 52
56 50 44
61 95 48
3 19 47
56 64 24
17 40 81
15 68 87
57 0 84
41 77 45
66 29 11
85 18 41
37 64 27
75 43 23
78 41 47
48 98 95
13 75 79
32 85 20
31 73 19
20 28 89
4 67 29
51 49 19
54 84 39
67 4 37
55 72 9
80 53 56
25 57 37
45 13 72
95 93 55
12 21 41
57 46 48
69 46 40
90 89 84
56 52 80
99 29 42
31 77 33
39 11 94
42 56 27
67 64 96
19 77 3
14 31 2
6 14 79
65 60 73
75 32 48
14 38 27
5 19 19
15 89 2
15 16 14
4 64 85
30 20 97
16 97 58
57 11 50
94 23 23
84 69 54
80 20 82
4 20 77
15 16 77
19 59 32
42 77 62
74 14 68
43 81 77
20 99 31
56 98 31
84 43 85
36 12 71
94 78 32
79 66 97
92 12 81
11 45 59
57 39 40
42 81 58
10 29 68
99 24 49
11 88 56
83 44 61
29 68 93
47 23 91
31 41 88
13 86 52
77 93 5
76 66 36
69 81 7
97 13 69
31 73 19
95 13 5
72 29 50
65 60 73
51 33 46
27 54 16
54 14 36
80 35 70
33 99 17
29 60 22
84 24 90
92 37 81
35 9 87
86 35 97
47 75 85
12 21 41
49 61 85
33 78 52
30 11 79
45 72 41
12 58 35
17 88 70
93 72 41
75 32 48
5 67 81
55 72 9
98 75 64
95 2 92
47 10 80
38 64 89
92 81 92
42 56 27
67 73 57
40 12 78
2 78 73
94 4 47
35 29 30
45 13 72
50 15 40
42 4 90
72 84 28
13 10 16
94 73 71
95 88 42
72 21 25
72 21 25
5 59 1
52 87 77
45 36 60
92 37 81
1 65 99
95 13 5
4 9 71
98 55 73
36 67 44
6 52 20
44 1 20
62 17 37
99 14 39
75 35 42
83 66 34
20 71 56
43 26 55
67 11 15
34 21 82
54 48 79
70 61 95
96 33 74
79 66 97
56 98 31
74 96 90
88 59 51
34 45 38
12 25 59
82 17 1
60 78 11
97 91 17
43 26 55
43 26 80
35 8 10
13 84 10
74 94 76
88 59 51
51 33 46
7 74 61
2 12 37
14 38 27
85 35 98
9 42 46
92 37 81
65 51 78
95 84 49
67 25 74
99 26 95
64 86 54
88 2 2
42 4 90
92 17 39
59 76 16
34 6 97
42 52 19
66 2 53
32 26 63
17 40 81
80 46 84
84 66 50
81 5 88
85 23 32
63 93 45
95 84 49
30 81 95
10 69 35
32 77 21
73 74 47
78 10 97
95 26 56
15 10 53
75 59 77
71 20 99
22 85 8
15 10 53
86 16 74
31 8 31
82 76 65
34 2 16
97 86 45
39 60 58
91 46 40
8 27 31
68 92 43
72 59 54
91 0 65
26 17 68
47 97 57
48 51 88
59 19 96
7 23 32
61 8 91
26 43 67
8 47 20
43 26 80
31 52 66
15 11 97
92 17 39
93 20 56
12 65 38
42 4 90
24 49 73
81 23 80
7 6 80
76 19 71
82 90 11
29 85 93
39 88 2
36 52 78
74 95 88
96 85 96
46 7 58
35 79 94
17 63 63
45 42 17
22 98 15
15 31 72
79 98 82
3 85 35
55 58 16
99 20 94
30 45 26
10 85 50
35 87 82
16 90 52
8 91 54
14 35 46
71 34 76
56 66 22
60 42 42
81 7 77
17 62 83
74 3 71
4 58 72
71 69 32
26 35 72
51 9 84
59 58 46
15 4 15
45 8 69
57 75 71
89 88 10
92 71 52
10 77 13
30 90 24
0 69 34
65 89 84
7 59 46
12 78 90
73 78 49
77 44 30
61 70 43
48 19 87
99 20 94
43 96 27
67 24 46
39 92 67
17 45 16
6 96 64
47 38 10
46 7 58
46 4 61
68 47 3
4 58 72
95 18 88
74 73 42
6 58 13
82 95 53
87 59 22
73 79 69
47 90 55
45 83 54
62 51 16
45 1 4
97 65 78
10 67 56
54 14 80
68 38 23
54 14 80
75 96 39
25 19 19
89 94 35
88 10 63
72 82 86
52 5 61
29 61 78
34 46 82
34 90 21
29 59 27
51 95 35
20 17 43
58 17 32
3 60 61
58 40 26
6 58 83
52 70 49
11 80 48
17 93 97
89 19 72
10 22 75
96 59 63
75 17 62
61 80 27
17 93 97
25 7 58
61 72 21
44 41 84
91 63 4
75 57 29
54 14 80
74 92 3
28 52 50
68 47 3
73 28 73
91 43 35
44 79 46
59 79 32
54 87 65
80 57 57
71 17 80
69 71 43
5 2 76
98 36 70
74 67 62
42 3 59
68 47 3
27 34 90
54 50 63
97 78 31
12 72 44
15 42 95
1 5 33
35 94 82
15 64 40
37 96 28
59 58 46
47 51 49
53 38 33
8 52 12
69 61 59
10 22 75
28 90 84
44 7 96
4 79 46
71 8 92
59 41 97
6 34 36
75 81 6
28 8 61
29 28 84
11 87 3
35 30 28
11 0 34
63 49 6
3 7 3
17 9 62
67 81 85
96 49 16
4 34 63
94 23 5
68 55 85
67 24 46
24 86 81
83 33 96
21 44 21
94 44 98
17 62 83
53 58 1
90 14 39
50 44 19
46 76 68
89 15 34
20 20 38
14 45 1
84 20 14
66 61 93
39 95 4
29 49 79
42 35 68
23 26 42
68 20 47
56 80 67
30 11 32
62 51 16
93 59 95
59 62 8
22 55 16
54 14 80
83 91 35
30 69 36
35 82 93
37 37 9
94 23 5
10 22 75
32 65 93
24 99 88
33 74 8
42 3 59
81 9 21
27 64 48
11 71 69
29 61 78
23 40 99
85 35 1
61 27 99
68 20 47
60 47 71
76 4 75
51 94 37
43 12 58
72 8 33
48 19 87
68 55 85
47 28 17
51 58 95
93 35 38
16 85 7
11 86 70
1 64 43
56 81 58
83 33 6
40 57 35
10 22 75
89 66 90
45 2 76
70 79 60
12 78 90
59 80 69
24 20 19
34 80 37
72 34 76
37 6 12
79 99 60
87 12 31
8 64 67
96 3 69
27 85 17
55 42 19
17 97 92
40 30 88
70 2 63
83 71 55
9 69 87
44 34 99
70 12 22
96 49 78
53 38 33
96 3 69
14 53 20
18 60 70
30 98 79
28 50 69
80 35 46
84 85 89
71 54 43
11 81 98
90 43 78
99 65 16
65 89 84
17 29 75
6 9 53
73 79 69
30 90 24
26 35 72
30 69 36
99 43 20
92 65 76
39 67 10
98 10 32
30 38 61
15 45 42
79 99 60
60 90 13
69 94 82
66 69 72
91 43 35
46 98 32
68 38 23
39 92 67
35 18 25
35 62 56
69 33 79
84 1 62
4 65 43
33 88 73
2 39 8
76 4 71
49 46 32
40 30 36
70 15 37
36 7 87
83 41 60
13 79 55
6 58 83
94 44 98
30 73 88
92 65 76
71 64 9
90 78 84
36 7 87
17 35 67
90 54 68
76 82 81
75 13 9
10 59 55
58 25 23
9 32 42
10 1 95
18 6 60
86 9 54
74 63 74
71 20 9
11 80 48
97 24 24
54 14 80
48 94 37
44 34 99
88 9 18
66 61 93
91 41 98
6 91 48
43 50 47
65 45 41
41 98 35
65 85 10
15 23 39
36 7 87
15 9 48
83 47 76
85 35 1
73 79 69
9 28 42
17 45 16
58 5 93
24 99 88
10 38 32
21 46 85
17 63 63
92 52 64
21 44 21
29 38 58
12 14 40
25 25 33
76 11 48
8 9 50
15 9 48
50 59 32
89 45 16
98 63 6
6 80 83
26 60 54
99 34 85
46 7 58
61 62 69
40 30 73
88 93 78
73 28 73
98 97 33
58 8 20
71 54 43
50 20 77
52 97 42
24 69 65
57 88 2
30 92 62
91 44 68
33 77 24
42 67 21
17 9 62
49 34 75
89 45 16
36 24 92
99 84 90
63 49 6
45 2 76
60 71 27
61 80 27
7 51 69
56 64 19
83 53 30
94 56 11
3 77 59
23 6 49
37 0 22
68 15 72
52 21 76
29 16 80
9 52 33
29 16 80
92 17 96
25 54 42
31 72 80
89 88 10
63 14 83
71 8 92
13 24 47
68 57 15
17 35 67
14 21 93
10 22 75
78 60 55
9 78 76
6 58 13
7 94 9
96 76 7
56 8 52
69 33 86
84 33 95
79 90 65
91 15 87
60 71 27
53 38 33
47 90 55
57 88 93
75 17 62
0 93 79
37 10 88
33 20 18
63 95 27
33 19 29
47 90 55
30 90 24
44 79 46
96 97 90
23 66 42
63 75 5
84 79 61
27 27 35
63 18 43
65 85 10
71 53 50
93 73 96
74 70 29
79 74 16
13 80 69
25 54 42
45 75 85
69 33 79
97 0 18
40 30 88
18 89 59
15 84 91
70 47 36
25 13 48
37 5 36
40 57 35
79 39 90
83 23 8
68 55 85
67 20 78
17 35 67
50 43 95
4 34 63
74 78 20
78 18 47
39 67 10
38 57 38
83 33 6
14 35 70
79 47 69
74 38 7
58 31 65
63 41 19
78 77 72
97 24 24
6 47 31
31 91 79
29 92 38
28 88 51
31 13 27
5 2 76
21 44 21
45 1 4
14 91 51
36 39 91
17 66 47
67 0 92
69 33 86
49 34 75
32 65 93
35 64 87
92 53 33
99 34 85
27 25 41
67 41 60
43 50 47
24 78 95
53 30 56
82 95 53
21 46 85
58 24 71
50 22 75
7 64 53
69 62 52
69 33 79
93 35 46
54 3 70
67 48 8
59 23 76
34 14 89
9 1 88
1 57 31
49 46 32
